Shannon :       2.84298428539
Simpson :       0.0923650493594
