Shannon :       3.9355492054
Simpson :       0.0379250052
